lastAccountName: Darcq
timestamps:
  login: 1529057750632
  lastteleport: 1529057284407
  logout: 1529057739015
ipAddress: 25.25.118.97
lastlocation:
  world: spawn
  x: -42.14219420454542
  y: 80.0
  z: 4.291326143565248
  yaw: 145.80008
  pitch: 53.400005
logoutlocation:
  world: spawn
  x: 0.5
  y: 80.0
  z: 0.5
  yaw: 0.0
  pitch: -7.0
