lastAccountName: SteveGrKek1
timestamps:
  login: 1509543555891
  logout: 1509544015186
ipAddress: 127.0.0.1
lastlocation:
  world: spawn
  x: 9.5
  y: 134.0
  z: 7.5
  yaw: 0.0
  pitch: 0.0
logoutlocation:
  world: spawn
  x: 0.10479150422630551
  y: 84.0
  z: 2.341160825426668
  yaw: -100.19999
  pitch: 87.450005
