lastAccountName: Mumla
timestamps:
  login: 1528636355626
ipAddress: 127.0.0.1
lastlocation:
  world: spawn
  x: 10.5
  y: 133.0
  z: 7.5
  yaw: 6.106197
  pitch: 0.0
logoutlocation:
  world: world
  x: -1249.1478294170033
  y: 63.41999998688698
  z: -162.53004060876117
  yaw: 0.0
  pitch: 22.909979
