lastAccountName: paradoxgrkek
timestamps:
  login: 1528971974495
  logout: 1528972082786
ipAddress: 25.63.21.186
lastlocation:
  world: spawn
  x: -3.5
  y: 84.0
  z: 5.5
  yaw: 4.29878
  pitch: 0.0
logoutlocation:
  world: spawn
  x: -24.699999988079067
  y: 80.0
  z: 1.6471078085642126
  yaw: 157.94879
  pitch: 19.050018
