lastAccountName: paradoxGrKek
timestamps:
  login: 1528972228618
  logout: 1528972626008
  lastteleport: 1528972438275
ipAddress: 25.63.21.186
lastlocation:
  world: spawn
  x: 11.007792933343804
  y: 96.27629746034513
  z: -33.80771403668058
  yaw: 72.302
  pitch: 56.39993
logoutlocation:
  world: spawn
  x: -0.582902922056952
  y: 80.0
  z: 2.7735833779145063
  yaw: 205.62585
  pitch: 16.200006
nickname: XYUCOCET
