world: spawn
x: -30.50262671357908
y: 80.0
z: 33.46606730567849
yaw: 90.0
pitch: 0.0
name: pvp
